107.68
105.19
105.67
106.13
106.72
105.91
105.92
105.8
105.97
104.58
102.52
102.26
101.17
101.12
101.03
101.87
103.01
101.5
100.75
100.53
96.69
96.91
96.76
96.1
94.69
96.88
96.04
96.26
98.12
96.64
93.99
93.7
94.27
94.99
95.01
94.02
96.6
96.35
94.48
96.43
97.34
94.09
93.42
99.99
99.44
101.42
96.3
96.79
96.66
97.13
99.52
97.39
99.96
98.53
96.96
96.45
100.7
102.71
105.35
105.26
107.32
108.74
106.82
108.03
108.61
107.23
107.33
106.03
108.98
111.34
110.49
112.48
113.18
116.17
115.62
118.23
118.28
119.03
115.2
116.28
117.34
118.3
117.81
118.03
118.88
117.75
119.3
118.78
117.29
113.69
114.175
112.34
115.72
116.11
116.77
120.57
121.06
120.92
122
122.57
121.18
119.5
120.53
119.27
114.55
115.28
119.08
115.5
113.76
113.77
111.73
111.04
111.86
110.21
111.79
111.6
112.12
109.5
110.78
111.31
110.78
110.38
109.58
110.3
109.06
112.44
114.71
115
114.32
113.4
115.21
113.45
113.92
116.41
116.28
115.31
114.21
112.57
110.15
112.31
109.27
110.37
112.34
107.72
112.76
113.29
112.92
109.69
103.74
103.12
105.76
112.65
115.01
116.5
117.16
115.96
115.15
115.24
113.49
119.72
115.52
115.13
115.4
114.64
118.44
121.3
122.37
122.99
123.38
122.77
124.5
125.16
125.22
130.75
132.07
129.62
128.51
126.82
125.61
125.66
123.28
120.07
122.57
125.69
126
126.44
126.6
125.425
124.53
126.75
127.5
128.11
127.03
127.61
126.6
127.88
127.3
127.6
126.92
127.17
128.59
128.88
127.42
127.8
128.65
129.36
130.12
129.96
130.535
130.28
131.78
132.045
129.62
132.54
131.39
130.06
130.07
130.19
128.77
128.95
126.01
125.865
126.32
127.62
125.26
125.01
125.8
128.7
128.95
125.15
128.64
130.56
132.65
130.28
129.67
128.62
126.91
127.6
124.75
126.17
126.78
126.3
126.85
127.1
126.56
125.6
126.01
127.35
125.32
124.25
124.43
126.37
123.25
124.24
123.38
126.69
127.21
125.9
127.495
128.47
127.04
124.95
123.59
124.45
122.24
124.51
127.14
126.6
126.41
128.54
129.36
129.09
128.46
130.415
128.79
132.17
133
129.495
128.45
128.715
127.83
127.08
126.46
124.88
122.02
119.72
118.93
119.94
119.56
118.65
118.63
117.16
118.9
115.31
109.14
113.1
112.98
112.4
109.55
108.72
105.99
106.82
109.8
110.22
109.25
112.01
111.89
107.75
106.26
106.25
109.33
110.38
112.52
113.91
113.99
112.01
112.54
112.94
111.78
112.65
109.41
106.745
108.225
109.73
111.62
111.95
114.12
112.4
115
115.49
115.93
114.63
115.07
118.93
119
117.6
118.625
116.47
116.31
114.67
115.47
113.99
114.18
112.82
111.25
109.7
108.83
109.01
108.7
108.86
108.6
109.4
108
106.98
107.34
106.74
105.11
105.22
104.83
102.99
102.47
99.76
97.67
96.26
97.54
98.75
99.81
100.73
101.02
100.8
98.75
99.62
99.62
99.9
99.18
100.75
100.11
100.75
97.87
101.75
102.64
101.06
100.96
101.79
101.58
100.86
101.63
101.66
101.43
101
97.99
98.36
98.97
98.12
98.94
103.3
102.5
102.25
102.13
100.889
101.54
101.32
100.58
100.57
100.53
99.16
97.98
97.5
97.24
95.97
95.99
94.74
94.48
94.96
95.12
95.59
96.13
95.6
98.15
98.38
99.02
97.671
97.03
97.19
94.72
93.939
94.43
93.0899
94.78
95.32
96.45
95.22
95.035
95.39
95.35
95.968
94.03
93.48
93.52
92.93
91.98
90.9
90.36
90.28
90.83
90.91
91.86
92.18
92.08
92.2
91.28
92.29
93.86
94.25
93.7
92.2243
92.4785
92.1171
91.0771
89.8071
90.4285
90.7685
89.1443
89.3757
87.7328
86.7528
86.6157
86.3871
86.37
85.3585
84.1171
84.8385
84.8228
84.69
83.6489
83.9985
84.6185
84.9157
85.8514
84.6543
84.4971
84.2985
84.6185
84.87
81.7057
81.11
74.9643
75.957
75.8814
74.9914
74.1443
73.9942
74.5257
74.23
74.7828
75.76
74.7771
74.7814
75.9743
76.97
77.5071
77.3785
76.6771
76.6943
76.78
77.1114
77.8557
77.0271
76.1243
75.5285
75.8943
75.9143
75.2485
74.9557
75.8071
76.6585
76.5843
75.8457
75.7771
75.8214
76.0514
75.8914
75.3943
75.1771
75.3814
73.9071
74.58
75.3643
75.0357
75.8785
76.7671
77.9985
77.7128
77.7757
76.56
76.5657
75.57
74.24
73.2157
73.2271
72.6843
71.6471
71.5143
71.3974
71.5357
72.3571
78.6428
78.01
79.4543
78.7871
78.4385
77.2385
79.1785
79.6228
78.0557
76.5328
76.1343
76.6455
77.6371
77.1482
77.7043
77.2828
79.0185
80.1457
79.2171
80.0128
80.5571
81.0957
81.4414
78.4314
77.78
78.6814
79.2843
79.6428
79.2043
80.0771
80.1943
80.7928
80.9185
80.0028
81.1287
80.7143
80.9031
78.7471
79.4385
77.9943
76.2
74.82
74.2571
74.448
73.5714
74.2214
74.0898
74.9987
75.4514
74.3763
74.2871
74.1497
74.3657
73.2131
74.4171
75.0641
75.25
74.29
74.6717
74.9851
73.8111
75.6965
75.1368
75.9871
74.9943
74.2668
74.4803
72.6985
72.0714
71.5877
71.24
70.8628
70.4017
69.9483
69.5126
68.7057
69.6786
69.0043
69.0586
69.9371
69.7086
68.1071
68.9643
69.46
68.79
69.8714
70.0914
66.7728
67.4714
66.3828
65.0457
64.3028
66.4143
67.5271
66.8157
70.6628
72.31
71.1743
70.7528
71.2416
69.7971
69.6023
70.2428
70.128
69.7986
71.8528
71.5743
71.8514
71.7657
71.5814
72.5343
71.7614
71.13
71.2143
69.9386
66.7657
64.9214
65.8586
66.4257
66.4643
67.0643
66.0771
65.2394
64.6471
64.76
63.97
62.9986
62.6428
62.93
59.8557
60.9014
60.7071
61.6797
61.4728
61.4564
61.0628
60.93
61.0411
60.1043
60.3357
59.2928
59.6314
60.1143
59.7843
58.46
56.6471
56.2543
56.8671
57.5186
57.5057
59.0714
59.5483
60.4286
61.6814
61.7143
61.4357
62.2807
61.7414
62.5143
62.6986
63.1158
62.6371
63.5871
64.1871
64.3886
64.2478
64.5114
63.5643
63.0627
63.5928
63.1628
63.0506
62.8086
63.2757
61.8943
62.0826
61.2643
63.4086
64.9628
64.71
65.2528
66.2628
65.5226
65.8157
64.2828
63.6457
62.7557
63.2543
61.4457
59.6007
58.34
57.9231
58.0186
56.9528
55.79
56.0071
57.5428
60.8914
59.9786
61.4
62.0471
62.2414
60.9971
60.8871
60.4571
61.1028
61.7128
61.3988
61.2728
63.2371
64.5828
65.8766
66.2257
65.9871
64.6757
64.5828
64.9271
65.1028
63.38
61.7857
61.1928
61.2043
62.5528
61.6743
61.5117
60.8088
61.592
60.0071
61.4957
63.0571
63.51
64.1386
63.2571
64.4014
63.7228
64.1214
65.7128
65.7371
66.6557
66.7157
66.8428
68.5614
67.8543
66.8886
65.3357
65.4063
63.188
64.8028
65.07
65.2614
65.4671
64.2614
62.84
64.3571
73.4293
72.11
71.4285
71.8114
72.2985
69.4171
71.6785
74.3285
74.7871
73.8714
75.0443
74.8428
75.2857
77.4422
78.4328
76.0247
72.7984
73.58
73.2856
74.3097
74.19
74.5329
75.1871
76.2714
74.1185
72.8277
75.67
77
77.3411
75.6887
76.1785
78.1778
76.9703
82.2636
83.7414
83.6114
84.1943
83.2771
83.54
84.2185
81.6428
80.2428
80.1305
80.8185
75.3825
75.0885
76.6971
77.5568
77.5471
78.1514
76.8214
79.7145
83.2642
83.5173
82.4
85.22
85.0457
86.2857
87.0768
88.1185
87.6222
90.5757
87.12
90.3771
92.0876
92.8275
90.68
89.9591
89.7285
91.5585
90.8357
91.1671
93.2271
95.2571
95.9214
94.4728
94.1985
95.3007
97.3314
95.0257
96.22
98.6843
100.0135
99.8143
100.3
100.2728
99.9687
98.7543
97.5685
95.6843
94.37
94.6771
97.2057
96.61
95.7471
96.4243
95.0343
94.8383
96.2094
96.4
96.5257
94.746
94.6614
95.5528
93.7231
95.0214
92.5871
90.9057
90.1185
90.2414
90
88.8143
88.6757
88.5514
88.702
88.9357
87.9571
86.8271
86.6871
87.2514
85.0043
83.5943
82.1257
82.1385
85.8457
86.2614
86.3285
87.76
86.6085
86.7057
86.7014
86.4243
85.5571
86.3471
86.8871
87.6985
86.5543
87.1343
85.63
84.6457
83.4285
81.2928
82.0714
81.7178
81.5378
83.1571
82.5243
83.6773
83.9157
83.6828
82.0185
81.6471
81.7371
82.3085
81.5957
82.9028
81.6743
81.6371
80.4043
80.6128
80.1414
82.5328
82.7385
81.7528
80.3271
80.76
81.5085
79.5671
80.1828
75.7685
75.7314
78.0107
79.0243
79.7457
80.9585
81.5028
81.3114
81.1685
81.3543
80.75
83.1171
83.7114
83.1614
83.4257
86.1428
86.8143
87.1428
80.04
81.6714
81.8543
83.92
86.9057
87.1
82.8757
86.4614
88.9671
89.4571
89.7771
90.89
90.5257
89.1871
89.9028
88.3757
85.65
87.1228
88.2314
